$ANSIBLE_VAULT;1.1;AES256
30373164343933306332636366663131333961316363656336336135396666663234613337643866
3830653434643533313565663530383861316164623265380a336266333966366361656135623537
63376161303732616533333062353933393335346130346265626232643762303937323662383031
6638386564353461340a313531383338623763636633356362353733326366393061373633396632
35373964376233383234393034306265366333356531366536643232383332663866356430663831
34376661626132303765633733643832313961313333623761623962653234636134316163316134
38366236373031376661336237336237356462393531353564623762616139373034633536376533
33373732346161613161323264333363666662363565323932346335316635373734363733343336
66396234666530666437666261323136303935353062623261303036363735626136383162373061
39336564306531396438643037376438643134323537386361336361343734303362353731346434
643931303263316664326136373138326461
